----------------------------------------------------------
1000000 trials
d | estimation of Vol1_s(d) | Vol1_s(d) (exact) | n_hits
----------------------------------------------------------
 1|              2.000000   | 2.0000000000000   | 1000000    
 2|              3.141172   | 3.1415926535898   | 785293    
 3|              4.194352   | 4.1887902047864   | 524294    
 4|              4.932880   | 4.9348022005447   | 308305    
 5|              5.270432   | 5.2637890139143   | 164701    
 6|              5.131264   | 5.1677127800500   | 80176    
 7|              4.728064   | 4.7247659703314   | 36938    
 8|              4.036096   | 4.0587121264168   | 15766    
 9|              3.228672   | 3.2985089027387   | 6306    
10|              2.611200   | 2.5501640398773   | 2550    
11|              1.816576   | 1.8841038793899   | 887    
12|              1.355776   | 1.3352627688546   | 331    
13|              0.811008   | 0.9106287547833   | 99    
14|              0.557056   | 0.5992645293208   | 34    
15|              0.327680   | 0.3814432808233   | 10    
16|              0.131072   | 0.2353306303589   | 2    
17|              0.262144   | 0.1409811069171   | 2    
18|              0.262144   | 0.0821458866111   | 1    
19|              0.524288   | 0.0466216010301   | 1    
