4.74967924601    1.10847414644   0.763975001076   4.74967924601    1.10847414644   0.763975001076
-1.01194665578    2.09576310781   -0.0165347401796   -1.01194665578    2.09576310781   -0.0165347401796
-4.17948750028    -2.84679510194   2.04175221813   -4.17948750028    -2.84679510194   2.04175221813
0.956574344147    -0.442132696823   2.58709049848   0.956574344147    -0.442132696823   2.58709049848
-0.729948478643    0.390162273274   -1.56135238117   -0.326682777662    0.561236725479   -1.60164564124
2.01078675168    5.3701025955   -2.88707202832   2.01078675168    5.3701025955   -2.88707202832
-0.20762543634    2.37261864868   -1.12149742971   -0.20762543634    2.37261864868   -1.12149742971
0.247719781337    -0.24580160561   -0.631706197048   0.637257135197    -0.115382179862   -0.931011945215
-2.37087204136    6.42000223428   0.757535374385   -2.37087204136    6.42000223428   0.757535374385
-1.97938149707    -7.06341513681   0.403795812364   -1.97938149707    -7.06341513681   0.403795812364
3.55254577555    -2.06829646   -3.51136447723   3.55254577555    -2.06829646   -3.51136447723
1.21055919451    0.975459499985   -2.15881716791   0.909897312916    0.87954369413   -2.49705601042
0.934243275865    1.57968964999   4.80330579571   0.934243275865    1.57968964999   4.80330579571
-3.14589646758    -2.00215987537   1.85988595324   -3.14589646758    -2.00215987537   1.85988595324
0.229952036271    -3.02059375268   0.644108275801   0.229952036271    -3.02059375268   0.644108275801
-0.111722746661    2.41784344814   0.261527290186   -0.111722746661    2.41784344814   0.261527290186
1.07568026286    -0.0427463145944   -0.0557890864019   0.763628431858    0.317295087654   0.211579704747
0.615460070673    -4.01343192577   2.0002785534   0.615460070673    -4.01343192577   2.0002785534
1.24286066357    -4.04919748795   1.25551105013   1.24286066357    -4.04919748795   1.25551105013
-4.39961541119    -1.23098799956   -2.04911076668   -4.39961541119    -1.23098799956   -2.04911076668
-1.14777970238    -1.01013239978   -0.188858678258   -1.14777970238    -1.01013239978   -0.188858678258
1.6376959169    -1.07383046578   -3.6763907893   1.6376959169    -1.07383046578   -3.6763907893
0.47204068827    -0.104947828183   -0.264176559646   0.870674480969    0.437048389627   0.0526396369305
0.44949462195    1.11654923829   -2.12730827491   0.44949462195    1.11654923829   -2.12730827491
1.13033839471    0.214595364419   -1.00708239132   1.16751645597    0.463326008017   -0.649972156799
-1.58971026087    -3.08137797458   -1.97438529583   -1.58971026087    -3.08137797458   -1.97438529583
2.64470847006    -3.8344246826   -3.2391544381   2.64470847006    -3.8344246826   -3.2391544381
0.123374184599    -2.19371980296   -1.21348223199   -0.0606911242417    -2.37809394091   -0.736092766535
0.962775157871    0.716205858047   -0.517143465149   0.782420529972    -0.0596200696735   -0.725063928585
0.848355244313    -2.026349797   -1.25991793136   0.848355244313    -2.026349797   -1.25991793136
-0.527436720708    5.99665609375   2.73798990603   -0.527436720708    5.99665609375   2.73798990603
2.23640485185    -1.46552916173   -5.81164292771   2.23640485185    -1.46552916173   -5.81164292771
0.515145073965    -1.61194758436   -1.60028242878   0.515145073965    -1.61194758436   -1.60028242878
-0.151409929572    0.767728718153   -0.718364208382   -0.803523294594    0.561842913305   -0.558866611971
-0.354253700255    0.0781493538567   2.91670246644   -0.354253700255    0.0781493538567   2.91670246644
0.282175991297    -0.437464094758   -0.484569616169   -0.100054959751    -0.481933099152   0.200645037415
-0.479508254111    1.21604825349   2.1707832791   -0.479508254111    1.21604825349   2.1707832791
-2.22596287137    -0.955435229399   -0.120941200176   -2.49926346977    -1.05245068833   -0.438959152349
1.50525144173    -1.80910331744   0.869835792747   1.50525144173    -1.80910331744   0.869835792747
3.64228504539    -0.0319168945211   0.55054535765   4.12598499832    -0.027423893247   0.289545856397
-0.18362203361    -0.261083777422   0.259825850407   0.506895336364    -0.737582263166   -0.235005410086
4.12598499832    -0.027423893247   0.289545856397   3.64228504539    -0.0319168945211   0.55054535765
-3.60767979758    1.96100689749   2.60655837908   -3.60767979758    1.96100689749   2.60655837908
-3.91048863668    -2.11339906133   0.0306423610603   -3.91048863668    -2.11339906133   0.0306423610603
-3.25995349524    -2.7783383343   0.293616595095   -3.25995349524    -2.7783383343   0.293616595095
0.672764221103    -1.50999484753   0.20151337795   0.672764221103    -1.50999484753   0.20151337795
2.04380104608    -0.695898897093   1.63084439411   2.04380104608    -0.695898897093   1.63084439411
-0.474353097831    0.525713661193   0.275905412235   -0.0525212731898    0.131147765499   -0.191718819347
0.236119430818    0.014234351577   0.435277150026   0.369139103649    0.309936749036   0.024939418067
2.54344219155    3.19141156694   2.15260339086   2.54344219155    3.19141156694   2.15260339086
1.02301245855    -0.0618980135221   -2.31307990355   1.02301245855    -0.0618980135221   -2.31307990355
1.16751645597    0.463326008017   -0.649972156799   1.06666895846    0.135239543561   -0.682316137262
-0.180622712606    0.948000519857   0.237772746343   0.453879826188    1.15015806733   -0.232724487198
3.0490117826    3.26954829519   0.960466497751   3.0490117826    3.26954829519   0.960466497751
-0.584978623135    0.671981475475   0.0520874993676   -0.474353097831    0.525713661193   0.275905412235
2.93075764959    0.623891179711   0.487117279809   2.93075764959    0.623891179711   0.487117279809
1.99980486786    -1.72907678417   -5.331713361   1.99980486786    -1.72907678417   -5.331713361
-0.491803511837    3.2848754446   1.50517588121   -0.491803511837    3.2848754446   1.50517588121
5.98071531056    -1.26517734343   -0.195548074972   5.98071531056    -1.26517734343   -0.195548074972
-0.246432786873    0.54274229419   -0.0777114142067   0.227084058723    0.0120829518295   -0.32188402614
-3.04185780681    1.23096377694   2.58517311749   -3.04185780681    1.23096377694   2.58517311749
2.95866200136    8.07902059606   -1.62910963976   2.95866200136    8.07902059606   -1.62910963976
-1.08809884257    -1.9113621057   -0.890744784837   -1.08809884257    -1.9113621057   -0.890744784837
1.13895087514    1.10358472071   2.55203055015   1.13895087514    1.10358472071   2.55203055015
0.277911568303    0.814677315107   5.05083073941   0.277911568303    0.814677315107   5.05083073941
-2.03055460942    3.24003956022   0.749831993847   -2.03055460942    3.24003956022   0.749831993847
0.173103619411    3.39475159607   1.51309917938   -0.0537963947924    3.47518695239   1.61245764272
-3.66187229153    0.379732351122   -2.31526428191   -3.66187229153    0.379732351122   -2.31526428191
0.506895336364    -0.737582263166   -0.235005410086   0.864390202929    -0.962253575271   -0.733080400789
-0.930941201043    0.546130305872   -1.68868652865   -1.1052665973    0.392424131744   -2.15010522261
2.31561073076    -0.49662737456   1.93826577923   2.31561073076    -0.49662737456   1.93826577923
0.338386830853    -4.30620150584   -1.49896803425   0.338386830853    -4.30620150584   -1.49896803425
2.3524593245    -1.45360134899   -1.70314738806   2.13441571654    -1.17531981149   -1.864213301
-3.72372207049    0.218077835354   -3.99730205804   -3.72372207049    0.218077835354   -3.99730205804
-0.803523294594    0.561842913305   -0.558866611971   -0.411222555668    0.61311355513   -0.450293604782
2.9791354727    -3.53165998579   0.891300135949   2.9791354727    -3.53165998579   0.891300135949
0.222790672998    -0.381674068757   -0.227296344529   0.3140613119    -0.294298228481   0.11573457489
-0.341238950666    0.126002045586   1.37443270147   -0.341238950666    0.126002045586   1.37443270147
-2.83593325598    -3.39446089383   -0.486917129636   -2.83593325598    -3.39446089383   -0.486917129636
-0.0606911242417    -2.37809394091   -0.736092766535   0.516821788349    -2.23999939405   -0.832868233158
-4.76164853947    0.844375416905   -2.36019539938   -4.76164853947    0.844375416905   -2.36019539938
-2.20131649377    1.26210542645   -4.49189983595   -2.20131649377    1.26210542645   -4.49189983595
-0.0447097372551    0.0789560573632   -1.40630946851   0.278448800087    -0.0752785265653   -1.38530179247
-1.48481780415    0.535300819614   -1.92310348836   -1.48481780415    0.535300819614   -1.92310348836
-0.0537963947924    3.47518695239   1.61245764272   -0.141801778016    3.57159916908   1.58227731453
-4.62794050709    -3.76311174855   -2.18205450332   -4.62794050709    -3.76311174855   -2.18205450332
-2.8901307804    -5.93495105314   3.68907213391   -2.8901307804    -5.93495105314   3.68907213391
1.32995433399    0.835846549094   0.561647115428   1.32995433399    0.835846549094   0.561647115428
1.84277674276    1.22883445457   -0.219423772591   1.84277674276    1.22883445457   -0.219423772591
0.950952540822    0.0315327047715   -0.274243439524   0.590688964214    0.112180874908   -0.722871703038
1.39418212464    0.167703661073   -0.87792312278   1.48738180295    0.156254293723   -0.28135382167
-4.39908976438    -3.29762826432   -0.656440759475   -4.39908976438    -3.29762826432   -0.656440759475
2.09602946191    0.0104285241926   -1.62988294229   2.09602946191    0.0104285241926   -1.62988294229
-0.729108172576    2.77890700462   1.04801944673   -0.729108172576    2.77890700462   1.04801944673
-1.08329961585    -2.06828473554   4.76347278346   -1.08329961585    -2.06828473554   4.76347278346
2.07384744619    -2.67903327002   1.19453753334   2.07384744619    -2.67903327002   1.19453753334
1.24955724024    0.996731548864   -1.29803199798   1.24955724024    0.996731548864   -1.29803199798
2.3653920615    7.46006062036   -0.080896817002   2.3653920615    7.46006062036   -0.080896817002
-2.01602014745    1.54577794864   0.81526883741   -2.01602014745    1.54577794864   0.81526883741
-1.21859106088    -3.23251169189   2.48824284131   -1.21859106088    -3.23251169189   2.48824284131
-2.40322062603    0.596395215547   0.734333345965   -2.40322062603    0.596395215547   0.734333345965
0.232577403831    0.657890700809   -0.309823575424   -0.180622712606    0.948000519857   0.237772746343
-1.92214264981    -2.62807063336   -5.34115371821   -1.92214264981    -2.62807063336   -5.34115371821
1.05271554789    -2.36878214835   -0.894896359017   1.05271554789    -2.36878214835   -0.894896359017
-0.366101913155    3.67990349751   -3.90532372614   -0.366101913155    3.67990349751   -3.90532372614
-2.13864709411    -0.677212739656   -1.71489349039   -2.13864709411    -0.677212739656   -1.71489349039
0.776767005125    -0.0963870390246   0.745131257853   0.636879599809    -0.556574165088   0.193738863834
0.909897312916    0.87954369413   -2.49705601042   1.21055919451    0.975459499985   -2.15881716791
-0.479879788586    -0.325598290298   0.874831551322   -0.479879788586    -0.325598290298   0.874831551322
0.872040544972    0.385504347725   -1.55928800842   0.0443740965067    0.227851720148   -1.27776692518
-1.1052665973    0.392424131744   -2.15010522261   -0.930941201043    0.546130305872   -1.68868652865
0.0575135614325    0.727743810112   0.685375787022   0.139749477514    1.15351215458   0.493364239454
-0.481135297223    2.02643783579   -3.82804399822   -0.481135297223    2.02643783579   -3.82804399822
1.05354402658    -8.17386685153   1.74788785016   1.05354402658    -8.17386685153   1.74788785016
-1.73320547641    -0.25749484701   2.01764330522   -1.73320547641    -0.25749484701   2.01764330522
0.548413368252    0.0344988892045   -0.431896259447   1.39418212464    0.167703661073   -0.87792312278
1.00520960924    -0.013204398291   -2.45629999416   1.00520960924    -0.013204398291   -2.45629999416
0.870674480969    0.437048389627   0.0526396369305   0.0861072712654    0.106163085753   -0.755184216476
-1.79424894859    0.47883135917   2.21223972626   -1.79424894859    0.47883135917   2.21223972626
2.01501477528    -1.83461865748   0.714106098782   2.01501477528    -1.83461865748   0.714106098782
-2.12119022823    0.863093722056   -1.99146656359   -2.12119022823    0.863093722056   -1.99146656359
0.116504758097    -0.8742706317   -0.916983283722   0.282175991297    -0.437464094758   -0.484569616169
5.0320879434    -2.93017233697   1.18443500958   5.0320879434    -2.93017233697   1.18443500958
-3.30519708126    4.48944648439   -1.84287903148   -3.30519708126    4.48944648439   -1.84287903148
-1.95179384675    -3.10630447614   -0.0557055563789   -1.95179384675    -3.10630447614   -0.0557055563789
0.3140613119    -0.294298228481   0.11573457489   0.228746954588    -0.415172165822   -0.00308970671207
-1.86374733439    1.30144407363   2.25988360276   -1.86374733439    1.30144407363   2.25988360276
3.45625042713    -6.14148497068   1.43114091644   3.45625042713    -6.14148497068   1.43114091644
-0.923909157337    3.81966577963   0.980260680995   -0.923909157337    3.81966577963   0.980260680995
-3.35872902419    1.37605897564   3.35933383282   -3.35872902419    1.37605897564   3.35933383282
-1.47900481814    0.222648477859   -0.884800500024   -1.47900481814    0.222648477859   -0.884800500024
-2.50906149088    5.09937450614   -0.581647860723   -2.50906149088    5.09937450614   -0.581647860723
1.6945425512    0.864219757178   1.23363912932   1.72638188346    1.1236541902   0.953489423924
-1.67532535012    0.199605298061   -0.767473009194   -1.59368949992    -0.126130553848   -0.614744106101
1.06666895846    0.135239543561   -0.682316137262   0.0618779909599    0.452759116284   -1.03723625661
-0.0304062795991    0.566704939477   -0.270547549084   -0.185837591097    0.875778041488   -0.88256072855
-0.789902858946    -1.31117778322   -3.62539679169   -0.789902858946    -1.31117778322   -3.62539679169
0.26556086214    0.568227372879   -0.270126113696   0.919894189988    1.45281645855   -0.156242817114
-0.956516951271    -3.59930657369   -0.0489228233659   -0.956516951271    -3.59930657369   -0.0489228233659
-1.82866049495    1.02002090811   -0.531594098731   -1.82866049495    1.02002090811   -0.531594098731
1.11596628863    -0.239363209026   -1.18056625851   -0.0151745935579    0.133662073985   -0.682892951935
1.73472035075    0.625195509282   1.32560510816   1.16219607521    0.765199715801   1.81257127646
4.11490676241    -2.27443140347   -1.19864529864   4.11490676241    -2.27443140347   -1.19864529864
0.548851391274    0.0655284801917   0.053637143012   0.378652120122    -0.100434920789   0.250187929075
-0.543354966108    -1.50235475493   -1.09768504404   -0.489983962559    -1.38803685551   -0.904683934545
-1.14660660036    -1.94564940046   -5.23164641281   -1.14660660036    -1.94564940046   -5.23164641281
0.969022586983    -3.90641991558   3.92950340344   1.61667811059    -4.09811132811   3.80590219507
-2.8530981352    1.08606152267   -0.737397458304   -2.66479690733    1.31337700816   -0.735574373174
-1.18179044974    -5.30876609969   -1.82670349537   -1.18179044974    -5.30876609969   -1.82670349537
-1.78301942901    -5.49053535512   2.20001166683   -1.78301942901    -5.49053535512   2.20001166683
-0.0151745935579    0.133662073985   -0.682892951935   -0.441695223637    0.0443171635959   -0.733002726837
3.69578083945    1.98111317257   -0.813878407926   3.69578083945    1.98111317257   -0.813878407926
-2.44913320361    -1.152785374   3.53634818137   -2.44913320361    -1.152785374   3.53634818137
1.53579737595    -2.29652017827   -1.12495930236   1.53579737595    -2.29652017827   -1.12495930236
-1.38231070098    -1.900887626   -0.336675648694   -1.38231070098    -1.900887626   -0.336675648694
1.02256757418    2.52279667992   3.81332009844   1.02256757418    2.52279667992   3.81332009844
-0.928453628725    -2.40137206946   -2.82343028745   -0.928453628725    -2.40137206946   -2.82343028745
0.890736017434    -1.33218223825   3.91701904199   0.890736017434    -1.33218223825   3.91701904199
1.85821119503    -3.84644279034   -3.75154732893   1.85821119503    -3.84644279034   -3.75154732893
1.15383193687    0.435684525932   -0.343562096572   0.785469593415    0.277387511059   0.0111625719571
4.01802271316    -4.76341068177   2.746264907   4.01802271316    -4.76341068177   2.746264907
-1.518026146    0.187067860459   -0.700846232534   -1.50835015973    0.240104735324   -0.519385846736
-0.450199128365    4.01158953075   -1.25243844852   -0.450199128365    4.01158953075   -1.25243844852
1.35590435997    0.436531152136   -1.11980915415   1.11596628863    -0.239363209026   -1.18056625851
0.258539374549    0.535325440597   0.00802404061858   0.245627036957    0.313990781888   -0.384374351395
0.436099551885    2.6885162003   5.58240496936   0.436099551885    2.6885162003   5.58240496936
0.731848257022    1.00854216508   -0.813285643308   0.112311960431    0.310285819177   -0.990897460577
1.22959708791    0.491402988655   4.04351985615   1.22959708791    0.491402988655   4.04351985615
0.636879599809    -0.556574165088   0.193738863834   0.984084560829    -0.037101848732   0.313670761534
0.919894189988    1.45281645855   -0.156242817114   0.406941235869    1.06999035422   -0.290161481419
-0.515138391366    0.412628149544   -0.754288395311   -0.829486814196    0.720672147767   -0.585464191413
-3.47766995738    -2.3372157402   -2.427604239   -3.47766995738    -2.3372157402   -2.427604239
-1.63247319829    1.03931478077   -1.44545498955   -1.63247319829    1.03931478077   -1.44545498955
2.59398520421    0.0516299673972   2.09611860471   2.59398520421    0.0516299673972   2.09611860471
0.378652120122    -0.100434920789   0.250187929075   0.0575135614325    0.727743810112   0.685375787022
-1.91100070413    -0.994790877618   -2.58760527544   -1.91100070413    -0.994790877618   -2.58760527544
-1.38745369564    0.315374075337   -0.255153275622   -1.60911181262    0.524939815811   -0.692007545588
0.386919451996    -3.01292661244   -4.05582996147   0.386919451996    -3.01292661244   -4.05582996147
-2.10130536241    -0.741742613745   0.543824709425   -2.10130536241    -0.741742613745   0.543824709425
-3.26285762222    0.83923386889   -1.93796950737   -3.26285762222    0.83923386889   -1.93796950737
-2.13560875429    0.112554633591   -1.98174288241   -2.13560875429    0.112554633591   -1.98174288241
1.04818750269    -0.184609323927   4.09668097871   1.53614373499    -0.114668083896   4.19349488853
-1.93160152465    -1.70990071915   2.15939548909   -1.93160152465    -1.70990071915   2.15939548909
0.124982726999    -1.8369470438   0.895541786107   0.124982726999    -1.8369470438   0.895541786107
0.462384568338    -0.241878939837   0.371329889461   -0.0579981805014    0.175436628342   0.482784221481
3.41160026322    10.6243913222   0.805583442247   3.41160026322    10.6243913222   0.805583442247
-1.08492013983    1.84772395386   2.87150787566   -1.08492013983    1.84772395386   2.87150787566
1.09015111149    -3.27001498234   1.29244255948   1.09015111149    -3.27001498234   1.29244255948
0.984084560829    -0.037101848732   0.313670761534   1.15383193687    0.435684525932   -0.343562096572
1.0286837315    -1.28130287077   -2.26659807145   1.0286837315    -1.28130287077   -2.26659807145
0.128015751195    -0.182486495962   -0.698372008532   0.247719781337    -0.24580160561   -0.631706197048
3.94402184161    -1.32238428697   4.59918576861   3.94402184161    -1.32238428697   4.59918576861
1.80999398149    0.658333202995   1.2706585092   1.73472035075    0.625195509282   1.32560510816
0.918191500947    -0.00527345949894   -0.802919055202   1.22502847538    0.485512815764   -1.16732693531
2.81738446604    0.199204975725   2.60831319674   2.81738446604    0.199204975725   2.60831319674
3.94003342306    -0.675822450356   -0.650395082167   3.94003342306    -0.675822450356   -0.650395082167
-4.69273819531    1.22717753808   -3.90010865007   -4.69273819531    1.22717753808   -3.90010865007
-2.49926346977    -1.05245068833   -0.438959152349   -2.37570512226    -1.03544813358   -0.253029812103
-0.829486814196    0.720672147767   -0.585464191413   -0.52735902983    1.04135403296   -0.149160033755
2.75015663609    -1.82061550679   3.10092137335   2.75015663609    -1.82061550679   3.10092137335
-0.282946150993    0.556906489606   -0.213509959229   -0.246432786873    0.54274229419   -0.0777114142067
0.49437479967    0.162210432027   -0.0631527033412   0.236119430818    0.014234351577   0.435277150026
-0.540272127428    -0.144593481967   0.153771796906   -0.540272127428    -0.144593481967   0.153771796906
1.54871634318    -1.16301063239   6.30369099908   1.54871634318    -1.16301063239   6.30369099908
1.44371594288    4.17193388101   -0.730410885265   1.44371594288    4.17193388101   -0.730410885265
3.21247304423    -0.259227552422   1.64597204158   3.21247304423    -0.259227552422   1.64597204158
3.94630213745    0.415523862493   1.60127687555   3.94630213745    0.415523862493   1.60127687555
-0.150346851824    0.673707960255   4.0932573149   -0.150346851824    0.673707960255   4.0932573149
-2.87421995013    5.04820515528   -4.02828848502   -2.87421995013    5.04820515528   -4.02828848502
-1.25277267156    -0.784499733112   1.53553077306   -1.25277267156    -0.784499733112   1.53553077306
-0.913346498587    1.65756440835   -0.0971469568286   -0.913346498587    1.65756440835   -0.0971469568286
0.878875437259    -1.56122740715   3.33780868504   1.36246071711    -1.33223815652   3.20480442501
-0.752609979613    -0.24834177847   -0.0591677891787   -0.752609979613    -0.24834177847   -0.0591677891787
2.42433266296    -3.03003137525   0.933115009016   2.42433266296    -3.03003137525   0.933115009016
-0.127510602277    -1.12790350693   -1.11412919429   -0.41315366113    -0.417968145832   -1.18259890726
-0.347054441588    -2.43094084465   -1.72655363946   -0.347054441588    -2.43094084465   -1.72655363946
-1.91726240194    5.41992937651   0.557195616649   -1.91726240194    5.41992937651   0.557195616649
2.13947727829    -2.24028836537   -1.00173638907   2.13947727829    -2.24028836537   -1.00173638907
2.27509426512    0.760943511325   -0.981365671434   2.27509426512    0.760943511325   -0.981365671434
3.16009709238    2.07777620867   3.93618801563   3.16009709238    2.07777620867   3.93618801563
-0.582054202602    1.96898615863   -1.7637611818   -0.582054202602    1.96898615863   -1.7637611818
-3.62263466085    -1.63306750771   -2.74576205921   -3.62263466085    -1.63306750771   -2.74576205921
-2.5212851634    -2.9416536034   -4.41710210162   -2.5212851634    -2.9416536034   -4.41710210162
0.272731718747    0.110915265078   0.138731666128   0.230910575766    0.0382543700732   0.945886712971
1.81783295644    2.61987475091   0.454942415527   1.81783295644    2.61987475091   0.454942415527
-0.411222555668    0.61311355513   -0.450293604782   -0.282946150993    0.556906489606   -0.213509959229
-2.32330562901    1.5838293885   -1.23479647643   -2.32330562901    1.5838293885   -1.23479647643
-0.187007856712    3.43916792738   3.82960051078   -0.187007856712    3.43916792738   3.82960051078
-0.877357667694    0.511467781582   -0.432093748222   -0.151409929572    0.767728718153   -0.718364208382
2.12646196767    2.1468278898   -2.66587641457   2.12646196767    2.1468278898   -2.66587641457
0.0437948048611    -0.50607528639   -1.23236281627   0.128015751195    -0.182486495962   -0.698372008532
-1.70836107574    4.63457937713   3.26690005719   -1.70836107574    4.63457937713   3.26690005719
4.94757435025    0.166637218335   -3.32394590922   4.94757435025    0.166637218335   -3.32394590922
0.590688964214    0.112180874908   -0.722871703038   0.168530906193    0.265547060039   -0.683531567301
-5.11076340093    0.67929939932   -1.4994723706   -5.11076340093    0.67929939932   -1.4994723706
-2.49678755884    3.11564602322   -0.0679449475332   -2.43636544859    3.10047898825   0.484238697597
-0.326682777662    0.561236725479   -1.60164564124   0.0908723322465    1.09207358962   -1.61254631322
-5.62106578231    -0.272259264881   -2.44918280727   -5.62106578231    -0.272259264881   -2.44918280727
-1.74252995505    -1.78117023383   -1.10752552026   -1.74252995505    -1.78117023383   -1.10752552026
4.29989249825    4.35585563342   -2.06169310221   4.29989249825    4.35585563342   -2.06169310221
-1.13254605479    1.84187462384   1.8485441191   -1.13254605479    1.84187462384   1.8485441191
0.245627036957    0.313990781888   -0.384374351395   0.27394991216    0.347082360755   -0.0280466361647
0.671289188594    1.43449546159   -1.00930785027   0.608401694264    1.71030010827   -0.763285537741
-0.0579981805014    0.175436628342   0.482784221481   0.479689808693    0.228718270239   0.247764970214
1.81252934279    -0.442085444493   0.523187204314   1.81252934279    -0.442085444493   0.523187204314
-1.51598000512    -0.944769013401   -0.53435423926   -1.51598000512    -0.944769013401   -0.53435423926
0.380249292251    0.0396817546507   -0.26204090017   1.07568026286    -0.0427463145944   -0.0557890864019
1.53614373499    -0.114668083896   4.19349488853   1.04818750269    -0.184609323927   4.09668097871
-0.0235072464428    2.02987075416   -1.18292846583   0.0354800148446    1.80624625061   -0.970757044903
-0.801015897214    0.0246389594043   -0.734149486525   -0.947497290948    -0.368911156749   -0.937497725234
-2.60287814653    0.754008599305   1.69017083202   -2.60287814653    0.754008599305   1.69017083202
0.480831275922    -1.03165180006   1.80716564691   0.480831275922    -1.03165180006   1.80716564691
-4.51648730757    1.64626105828   1.56067080029   -4.51648730757    1.64626105828   1.56067080029
0.179492603839    -0.118728337869   0.000709526919461   0.233502310412    -0.244459846472   -0.274657028165
-4.78537971669    0.564068380838   0.627843056422   -4.78537971669    0.564068380838   0.627843056422
-1.69295531548    -0.740509373477   3.1567655269   -1.69295531548    -0.740509373477   3.1567655269
-0.599050339986    -0.360113520551   4.61301513355   -0.599050339986    -0.360113520551   4.61301513355
-0.236666712086    0.629744117686   -0.264266521868   -0.0304062795991    0.566704939477   -0.270547549084
-1.02382076169    0.842643873885   -0.673394206469   -1.02382076169    0.842643873885   -0.673394206469
1.16219607521    0.765199715801   1.81257127646   1.6945425512    0.864219757178   1.23363912932
0.635416931043    -3.42340961819   -1.69646543684   0.635416931043    -3.42340961819   -1.69646543684
0.828888719504    0.370311579141   -4.50204275728   0.828888719504    0.370311579141   -4.50204275728
-1.50617681386    -0.367767254362   1.18964462114   -1.50617681386    -0.367767254362   1.18964462114
-0.627995814449    0.929093727195   -0.0837770346445   -1.26535824184    0.456405774363   -0.0498424977256
3.73625229378    -2.13245625329   -0.798975213055   3.73625229378    -2.13245625329   -0.798975213055
-1.58514193116    -0.419935235045   2.29907901591   -1.31415513724    -0.993957480455   2.38831983067
-1.53073664874    2.71212199628   -1.69294065451   -1.53073664874    2.71212199628   -1.69294065451
0.14887619776    -0.157596556601   -1.3609296554   0.116504758097    -0.8742706317   -0.916983283722
-0.52735902983    1.04135403296   -0.149160033755   -0.236666712086    0.629744117686   -0.264266521868
1.46878484591    0.628649533832   -3.27991174109   1.46878484591    0.628649533832   -3.27991174109
-0.227561211379    -1.18109538292   -2.33065390624   -0.227561211379    -1.18109538292   -2.33065390624
-0.546774389658    -3.37737261603   1.48527059998   -0.546774389658    -3.37737261603   1.48527059998
-1.63055558504    -3.93814881685   -0.0982005887691   -1.63055558504    -3.93814881685   -0.0982005887691
1.72638188346    1.1236541902   0.953489423924   1.72755915815    0.586598108978   1.22976793476
-2.29157101887    1.56802782053   0.931863116826   -2.29157101887    1.56802782053   0.931863116826
-2.32286967716    0.737663883581   1.63407019442   -2.32286967716    0.737663883581   1.63407019442
3.5242026403    0.0275813361038   1.84788436154   3.5242026403    0.0275813361038   1.84788436154
1.380021882    0.343803275915   -0.845949161341   1.58370163815    0.629164485537   -0.997160845086
-1.60911181262    0.524939815811   -0.692007545588   -0.877357667694    0.511467781582   -0.432093748222
0.122602306145    0.878235412215   -0.604809513209   -0.663757014833    0.476996820679   -0.67956371955
-3.82642889813    -2.50286600786   3.31806527319   -3.82642889813    -2.50286600786   3.31806527319
2.85682637698    -1.83981369693   -1.57479794402   2.85682637698    -1.83981369693   -1.57479794402
-0.534663460709    -1.25651256729   3.16873476411   -0.375740386024    -1.53976988352   3.36508593311
-1.52835940563    -1.32914685355   5.33387175964   -1.52835940563    -1.32914685355   5.33387175964
1.63702437783    0.901786922221   -0.453679950316   1.47297882643    0.330428286667   -0.735674935
2.16649422159    -1.89993191816   1.38024784293   2.16306754712    -2.19333735814   1.13895949318
4.38551448651    1.64087276547   -4.8276872936   4.38551448651    1.64087276547   -4.8276872936
-0.41315366113    -0.417968145832   -1.18259890726   0.14887619776    -0.157596556601   -1.3609296554
-0.31899029744    3.55734826968   0.886352323694   -0.31899029744    3.55734826968   0.886352323694
-5.63538593428    -1.77832505391   3.90471890625   -5.63538593428    -1.77832505391   3.90471890625
-1.46915214986    -2.1781663102   1.07378150503   -1.46915214986    -2.1781663102   1.07378150503
-1.14837737438    1.89904683209   0.0496464466182   -1.14837737438    1.89904683209   0.0496464466182
0.318934314141    -1.53591663834   -0.934997977206   -0.543354966108    -1.50235475493   -1.09768504404
2.17785167874    -3.76024912107   1.09884172111   2.17785167874    -3.76024912107   1.09884172111
0.785469593415    0.277387511059   0.0111625719571   0.950952540822    0.0315327047715   -0.274243439524
0.766587625215    4.13818747612   -1.90907582095   0.766587625215    4.13818747612   -1.90907582095
1.12901350812    -0.295176730677   1.77936386023   1.12901350812    -0.295176730677   1.77936386023
2.26094708911    2.06117867145   2.38633003235   2.26094708911    2.06117867145   2.38633003235
-4.83490908308    -2.38231479617   2.95042434722   -4.83490908308    -2.38231479617   2.95042434722
-0.525137874505    -3.94254707435   3.54096723373   -0.525137874505    -3.94254707435   3.54096723373
0.459660826551    -1.91006285988   -1.04433435463   0.123374184599    -2.19371980296   -1.21348223199
0.479689808693    0.228718270239   0.247764970214   0.380249292251    0.0396817546507   -0.26204090017
1.57277413059    -1.23572668208   1.85426340019   1.57277413059    -1.23572668208   1.85426340019
-1.07255785369    -0.75545775973   1.08824559134   -1.07255785369    -0.75545775973   1.08824559134
0.139749477514    1.15351215458   0.493364239454   -0.119033225557    0.945542782986   0.11666844718
-2.37570512226    -1.03544813358   -0.253029812103   -2.22596287137    -0.955435229399   -0.120941200176
1.47297882643    0.330428286667   -0.735674935   1.22177905451    0.328132862163   -0.639547484627
-2.68028024388    -0.502504392862   3.78166348123   -2.68028024388    -0.502504392862   3.78166348123
-0.185837591097    0.875778041488   -0.88256072855   0.731848257022    1.00854216508   -0.813285643308
-2.85220967161    -2.66847793204   2.49552779609   -2.85220967161    -2.66847793204   2.49552779609
0.956673116402    -1.23224204039   0.123825168316   0.956673116402    -1.23224204039   0.123825168316
-0.598270262355    0.457836403696   -0.237751247161   -0.584978623135    0.671981475475   0.0520874993676
1.56773541937    -2.6488972411   -1.6439284628   1.56773541937    -2.6488972411   -1.6439284628
0.0908723322465    1.09207358962   -1.61254631322   0.671289188594    1.43449546159   -1.00930785027
-1.59368949992    -0.126130553848   -0.614744106101   -1.518026146    0.187067860459   -0.700846232534
1.00871107644    0.415946226707   -0.270277868494   0.232577403831    0.657890700809   -0.309823575424
3.69428243399    -3.92625420047   3.49066718061   3.69428243399    -3.92625420047   3.49066718061
-0.947497290948    -0.368911156749   -0.937497725234   -0.113252545872    -0.397331079353   -0.624338844563
1.13881226766    -0.534439106095   2.80848721292   1.13881226766    -0.534439106095   2.80848721292
-2.0939279513    1.96413880995   -4.29846148131   -2.0939279513    1.96413880995   -4.29846148131
-1.21662558362    -3.67500002176   -3.82235313341   -1.21662558362    -3.67500002176   -3.82235313341
2.72505333279    -0.352165599894   -1.53921226816   2.72505333279    -0.352165599894   -1.53921226816
-0.494694070426    0.0118850580497   -0.0408680292927   -0.598270262355    0.457836403696   -0.237751247161
2.30832066392    0.0768544692356   1.06130173452   2.30832066392    0.0768544692356   1.06130173452
-1.37187185537    0.149281672609   -0.968266609068   -1.67532535012    0.199605298061   -0.767473009194
-3.16735190935    -4.47139553519   -0.383057732029   -3.16735190935    -4.47139553519   -0.383057732029
0.516821788349    -2.23999939405   -0.832868233158   0.459660826551    -1.91006285988   -1.04433435463
-1.50835015973    0.240104735324   -0.519385846736   -0.928580988969    0.619092719593   -0.928028869162
1.22502847538    0.485512815764   -1.16732693531   1.35590435997    0.436531152136   -1.11980915415
-4.3357844906    0.407654808875   -0.772880978082   -4.3357844906    0.407654808875   -0.772880978082
0.72270911892    6.13721616938   -0.972711360202   0.72270911892    6.13721616938   -0.972711360202
-0.0140956869641    1.72941879018   6.13156713107   -0.0140956869641    1.72941879018   6.13156713107
1.61602563153    -0.791602123044   -1.64642161062   1.61602563153    -0.791602123044   -1.64642161062
0.33023807476    -2.2851176372   3.31586632227   0.33023807476    -2.2851176372   3.31586632227
-0.441695223637    0.0443171635959   -0.733002726837   -0.801015897214    0.0246389594043   -0.734149486525
0.637257135197    -0.115382179862   -0.931011945215   1.13033839471    0.214595364419   -1.00708239132
0.777348486027    1.00505746888   -1.57642167082   0.777348486027    1.00505746888   -1.57642167082
-2.03711046768    -1.483271752   -1.83510472962   -2.03711046768    -1.483271752   -1.83510472962
-1.16233337711    -4.62827911146   -0.630740006724   -1.16233337711    -4.62827911146   -0.630740006724
-4.5005915242    -1.3991355561   1.52246513073   -4.5005915242    -1.3991355561   1.52246513073
-3.83955331491    0.153552217364   1.92685530454   -3.83955331491    0.153552217364   1.92685530454
-0.447745080153    -1.37073197714   3.3483710853   -0.534663460709    -1.25651256729   3.16873476411
0.129303748347    0.711578598444   -0.815926080323   0.129303748347    0.711578598444   -0.815926080323
-0.537337760838    1.37758894418   -0.961808708545   -0.537337760838    1.37758894418   -0.961808708545
-0.554223311328    1.39204778254   -0.111597197112   -0.627995814449    0.929093727195   -0.0837770346445
2.32850848763    -0.936531619732   -1.17124103112   2.32850848763    -0.936531619732   -1.17124103112
-1.42486010989    0.789208874229   0.969984040022   -1.42486010989    0.789208874229   0.969984040022
3.49915539215    1.19243116973   -3.94522890244   3.49915539215    1.19243116973   -3.94522890244
1.15591113015    -1.63428896544   -0.855682551782   1.15591113015    -1.63428896544   -0.855682551782
0.406941235869    1.06999035422   -0.290161481419   0.962775157871    0.716205858047   -0.517143465149
1.00221731363    0.839672357052   0.520525635663   1.00221731363    0.839672357052   0.520525635663
-3.07211171403    2.54428738907   -0.411147380049   -3.07211171403    2.54428738907   -0.411147380049
1.51148546783    2.53290880531   1.40376267112   1.51148546783    2.53290880531   1.40376267112
-0.869170837957    -4.18845671745   2.25320989947   -0.869170837957    -4.18845671745   2.25320989947
-0.167492286623    0.400750615727   -0.57036758768   -0.0743934855782    0.334736793393   -0.0550714647362
2.16483879433    0.330306785753   -1.24564396135   2.16483879433    0.330306785753   -1.24564396135
0.0861072712654    0.106163085753   -0.755184216476   0.126853244863    0.00229002842347   -0.924271667836
-3.83893231018    -0.191592476146   0.596130014701   -3.83893231018    -0.191592476146   0.596130014701
-2.85791278289    -0.128321017518   -0.163659394305   -2.53464794901    0.632403751155   -0.0105503404762
-3.84898734815    -1.35034395497   0.197756605335   -3.84898734815    -1.35034395497   0.197756605335
3.23994683599    0.802761505322   -2.23347849805   3.30680087932    0.700888627113   -2.13772653359
-2.96253484276    0.306934845388   -2.21906719111   -2.96253484276    0.306934845388   -2.21906719111
0.754163481817    1.83442578971   -0.212817572879   -0.427030471177    1.71373394903   -0.295282169428
-2.56183406613    3.08901316438   -0.452666757898   -2.56183406613    3.08901316438   -0.452666757898
0.97146680767    -1.4346382678   1.90245545224   0.97146680767    -1.4346382678   1.90245545224
-2.43636544859    3.10047898825   0.484238697597   -2.49678755884    3.11564602322   -0.0679449475332
-0.394320658218    -1.93759487751   5.20381748787   -0.394320658218    -1.93759487751   5.20381748787
1.36246071711    -1.33223815652   3.20480442501   0.878875437259    -1.56122740715   3.33780868504
3.01407548353    1.19226162332   0.318090664711   3.01407548353    1.19226162332   0.318090664711
-1.89337992242    1.32342231258   0.920412761363   -1.89337992242    1.32342231258   0.920412761363
-0.246697944351    0.132396466614   -0.659851932815   0.258539374549    0.535325440597   0.00802404061858
2.16306754712    -2.19333735814   1.13895949318   2.16649422159    -1.89993191816   1.38024784293
-0.663757014833    0.476996820679   -0.67956371955   -1.38745369564    0.315374075337   -0.255153275622
-0.119033225557    0.945542782986   0.11666844718   0.49437479967    0.162210432027   -0.0631527033412
3.09153824878    -0.914206456961   -1.1580101564   3.09153824878    -0.914206456961   -1.1580101564
-3.39383975546    -4.81317470137   1.23501354686   -3.39383975546    -4.81317470137   1.23501354686
-0.500669309843    -0.310898262483   -0.276002340127   -0.45499993288    -0.0712596531527   -0.18929599124
-1.7193094834    3.53167446311   1.25585556644   -1.7193094834    3.53167446311   1.25585556644
-0.110660025582    0.827301103235   -1.25888924271   0.122602306145    0.878235412215   -0.604809513209
0.864390202929    -0.962253575271   -0.733080400789   0.318934314141    -1.53591663834   -0.934997977206
5.88348382782    -1.01725574813   0.833239778118   5.88348382782    -1.01725574813   0.833239778118
0.0443740965067    0.227851720148   -1.27776692518   -0.729948478643    0.390162273274   -1.56135238117
-6.92269737594    4.10626484293   -3.15487002712   -6.92269737594    4.10626484293   -3.15487002712
-0.351161560398    -0.210099091766   2.20800852422   -0.351161560398    -0.210099091766   2.20800852422
4.5148782384    3.10089019804   0.36609225229   4.5148782384    3.10089019804   0.36609225229
-1.97269849015    4.76735566741   0.396114304557   -1.97269849015    4.76735566741   0.396114304557
0.847090638761    -0.274804767128   -0.519138778288   0.222790672998    -0.381674068757   -0.227296344529
1.61667811059    -4.09811132811   3.80590219507   0.969022586983    -3.90641991558   3.92950340344
3.36586179443    -0.447837658556   -0.0587219500953   3.36586179443    -0.447837658556   -0.0587219500953
-0.378088982964    1.48143751027   1.67185020361   -0.378088982964    1.48143751027   1.67185020361
1.89013381848    -3.51585653456   4.16368737329   1.89013381848    -3.51585653456   4.16368737329
2.79741566311    -3.23372613315   -0.941379397735   2.79741566311    -3.23372613315   -0.941379397735
-2.5517770402    0.193273846304   -0.57046230765   -2.5517770402    0.193273846304   -0.57046230765
0.168530906193    0.265547060039   -0.683531567301   -0.515138391366    0.412628149544   -0.754288395311
-3.03336506553    2.31557783539   1.83219116413   -3.03336506553    2.31557783539   1.83219116413
2.10616467877    -2.18124497806   1.25045444059   2.10616467877    -2.18124497806   1.25045444059
-2.63361963395    -2.94970827139   -0.376693080091   -2.63361963395    -2.94970827139   -0.376693080091
0.332903506733    -2.5597517822   -2.23779245879   0.332903506733    -2.5597517822   -2.23779245879
0.418132499725    0.219732304323   0.010785214552   0.548851391274    0.0655284801917   0.053637143012
2.3266159533    -3.25412967148   -4.46470692165   2.3266159533    -3.25412967148   -4.46470692165
2.82880587165    -5.06465110997   0.380313994368   2.82880587165    -5.06465110997   0.380313994368
2.13441571654    -1.17531981149   -1.864213301   2.3524593245    -1.45360134899   -1.70314738806
1.38060985556    4.50767153402   -1.40653141275   1.38060985556    4.50767153402   -1.40653141275
2.09404194006    4.00388643381   1.30523675815   2.09404194006    4.00388643381   1.30523675815
-0.287138129617    -2.95177758764   -0.183123995945   -0.287138129617    -2.95177758764   -0.183123995945
-2.33409875177    3.11470899682   -1.31246713155   -2.33409875177    3.11470899682   -1.31246713155
-1.19190449405    -0.11456641362   2.53981691933   -1.19190449405    -0.11456641362   2.53981691933
-1.44116537338    -1.60000312363   -2.64283592717   -1.44116537338    -1.60000312363   -2.64283592717
-0.0743934855782    0.334736793393   -0.0550714647362   0.26556086214    0.568227372879   -0.270126113696
0.112311960431    0.310285819177   -0.990897460577   0.218753991059    0.109370377504   -1.27224197553
4.49859821386    -0.12878745192   0.209415964268   4.49859821386    -0.12878745192   0.209415964268
-1.53839839948    -2.23591937711   -5.20983925827   -1.53839839948    -2.23591937711   -5.20983925827
-2.4711670843    1.14221099879   0.318797382283   -2.4711670843    1.14221099879   0.318797382283
-0.45499993288    -0.0712596531527   -0.18929599124   -0.246697944351    0.132396466614   -0.659851932815
0.763628431858    0.317295087654   0.211579704747   0.548413368252    0.0344988892045   -0.431896259447
-2.99839951716    3.4892930788   -2.13917004662   -2.99839951716    3.4892930788   -2.13917004662
0.288699031337    0.123416788133   -1.12954856559   0.918191500947    -0.00527345949894   -0.802919055202
-0.12706213339    0.868626580194   3.5090698423   -0.12706213339    0.868626580194   3.5090698423
0.230910575766    0.0382543700732   0.945886712971   0.179492603839    -0.118728337869   0.000709526919461
-3.67836121889    1.79738085502   1.8085256109   -3.67836121889    1.79738085502   1.8085256109
5.89046158747    1.42231425657   2.29165401224   5.89046158747    1.42231425657   2.29165401224
1.02594573604    1.58127670312   -0.671903605903   1.02594573604    1.58127670312   -0.671903605903
-0.317184905216    1.2330734455   0.112827854709   -0.554223311328    1.39204778254   -0.111597197112
4.15632650164    -0.847464252997   2.15037430118   4.15632650164    -0.847464252997   2.15037430118
3.52353927297    2.18680520426   2.24991851627   3.52353927297    2.18680520426   2.24991851627
1.18212701054    -0.412928935079   -0.044395327708   1.18212701054    -0.412928935079   -0.044395327708
-2.14584274403    -0.0515828886998   -1.73527838501   -2.14584274403    -0.0515828886998   -1.73527838501
4.28079153013    -2.38860279958   0.217509960407   4.28079153013    -2.38860279958   0.217509960407
-1.11657142144    1.34787823036   -0.658118254806   -1.11657142144    1.34787823036   -0.658118254806
2.52252544432    -2.06934847927   -2.91179155628   2.52252544432    -2.06934847927   -2.91179155628
-0.0525212731898    0.131147765499   -0.191718819347   0.47204068827    -0.104947828183   -0.264176559646
-2.53464794901    0.632403751155   -0.0105503404762   -2.85791278289    -0.128321017518   -0.163659394305
2.06847074948    -4.44262228714   1.92774530437   2.06847074948    -4.44262228714   1.92774530437
0.278448800087    -0.0752785265653   -1.38530179247   0.604869664906    -0.265260524778   -1.27487548889
-1.68180914053    -6.04200075269   -2.67523474365   -1.68180914053    -6.04200075269   -2.67523474365
0.585043426467    -1.35922168837   -3.99309916282   0.585043426467    -1.35922168837   -3.99309916282
0.304545447408    5.63952647615   -0.0485303726833   0.304545447408    5.63952647615   -0.0485303726833
-1.33354399682    3.30618084974   0.675881807687   -1.33354399682    3.30618084974   0.675881807687
-0.489983962559    -1.38803685551   -0.904683934545   -0.127510602277    -1.12790350693   -1.11412919429
-0.141801778016    3.57159916908   1.58227731453   0.173103619411    3.39475159607   1.51309917938
0.227084058723    0.0120829518295   -0.32188402614   0.272731718747    0.110915265078   0.138731666128
1.05657893043    4.41052405047   0.26332279495   1.05657893043    4.41052405047   0.26332279495
0.782420529972    -0.0596200696735   -0.725063928585   0.847090638761    -0.274804767128   -0.519138778288
4.49331633848    3.01997454405   2.37704044649   4.49331633848    3.01997454405   2.37704044649
-0.191655708844    0.663157732379   -0.774312127769   -0.167492286623    0.400750615727   -0.57036758768
0.453879826188    1.15015806733   -0.232724487198   0.754163481817    1.83442578971   -0.212817572879
5.17029075538    2.77373930624   -2.23568719298   5.17029075538    2.77373930624   -2.23568719298
1.32802772011    6.47385520368   2.08778992331   1.32802772011    6.47385520368   2.08778992331
0.608401694264    1.71030010827   -0.763285537741   -0.110660025582    0.827301103235   -1.25888924271
-0.0461421715265    3.80510173889   -0.341960712155   -0.0461421715265    3.80510173889   -0.341960712155
-1.82824820618    6.80256005955   0.301000726743   -1.82824820618    6.80256005955   0.301000726743
1.9391722556    -1.28996620837   -0.0105233721725   1.9391722556    -1.28996620837   -0.0105233721725
-0.427030471177    1.71373394903   -0.295282169428   -0.317184905216    1.2330734455   0.112827854709
-2.63960131047    3.47606235047   -3.20077121313   -2.63960131047    3.47606235047   -3.20077121313
-0.64570972482    -2.85455300969   2.64013997378   -0.64570972482    -2.85455300969   2.64013997378
-1.85774466487    -2.5396921313   -1.45413163139   -1.85774466487    -2.5396921313   -1.45413163139
-2.66479690733    1.31337700816   -0.735574373174   -2.8530981352    1.08606152267   -0.737397458304
0.749098624353    0.691243643009   0.302928766318   1.00871107644    0.415946226707   -0.270277868494
4.2436326127    0.0578049843293   0.507598240657   4.2436326127    0.0578049843293   0.507598240657
0.235922953937    5.5658766925   -1.54074374111   0.235922953937    5.5658766925   -1.54074374111
0.27394991216    0.347082360755   -0.0280466361647   0.140216373221    0.709848251451   0.673768506156
3.41394874254    1.22239889075   -1.75141967497   3.41394874254    1.22239889075   -1.75141967497
-0.100054959751    -0.481933099152   0.200645037415   -0.18362203361    -0.261083777422   0.259825850407
2.91630517354    -3.21827910592   -2.86903349051   2.91630517354    -3.21827910592   -2.86903349051
-3.54774957912    -0.961354880215   -0.613891745011   -3.54774957912    -0.961354880215   -0.613891745011
1.22177905451    0.328132862163   -0.639547484627   1.63702437783    0.901786922221   -0.453679950316
1.10768056692    -3.37507828244   0.0440572754294   1.10768056692    -3.37507828244   0.0440572754294
-0.697739073401    0.951191675781   -0.704504753097   -0.697739073401    0.951191675781   -0.704504753097
0.233502310412    -0.244459846472   -0.274657028165   0.418132499725    0.219732304323   0.010785214552
-0.754733210102    2.53262310628   -0.762680367147   -0.754733210102    2.53262310628   -0.762680367147
-2.3341633678    -3.0248324337   -6.37318790561   -2.3341633678    -3.0248324337   -6.37318790561
0.0618779909599    0.452759116284   -1.03723625661   -0.191655708844    0.663157732379   -0.774312127769
-0.423763363925    -1.43427497464   1.25088706221   -0.423763363925    -1.43427497464   1.25088706221
1.48738180295    0.156254293723   -0.28135382167   1.380021882    0.343803275915   -0.845949161341
3.88989947068    -1.55662792081   1.76242323493   3.88989947068    -1.55662792081   1.76242323493
-0.0122964315065    -2.11647040653   -2.09062642674   -0.0122964315065    -2.11647040653   -2.09062642674
-1.34956676962    -2.68370099914   -0.596860782065   -1.34956676962    -2.68370099914   -0.596860782065
0.369139103649    0.309936749036   0.024939418067   0.776767005125    -0.0963870390246   0.745131257853
-0.00237717694201    1.27556838149   5.31841043229   -0.00237717694201    1.27556838149   5.31841043229
7.47472588772    2.6400400604   2.37397352555   7.47472588772    2.6400400604   2.37397352555
-1.56825257108    1.25893101817   0.889981337839   -1.56825257108    1.25893101817   0.889981337839
2.0678944478    1.29862214276   -5.04551887112   2.0678944478    1.29862214276   -5.04551887112
0.228746954588    -0.415172165822   -0.00308970671207   0.462384568338    -0.241878939837   0.371329889461
-1.26535824184    0.456405774363   -0.0498424977256   -0.500669309843    -0.310898262483   -0.276002340127
1.52692215563    4.53177743194   2.90467835897   1.52692215563    4.53177743194   2.90467835897
0.1921275631    1.12405819589   -2.93956726438   0.1921275631    1.12405819589   -2.93956726438
-0.113252545872    -0.397331079353   -0.624338844563   -0.494694070426    0.0118850580497   -0.0408680292927
0.126853244863    0.00229002842347   -0.924271667836   -0.0447097372551    0.0789560573632   -1.40630946851
-1.9798695751    4.12013330701   -2.55044337464   -1.9798695751    4.12013330701   -2.55044337464
-0.928580988969    0.619092719593   -0.928028869162   -1.66589251713    0.384213101215   -1.28434709767
-1.66589251713    0.384213101215   -1.28434709767   -1.37187185537    0.149281672609   -0.968266609068
1.04627439583    2.59289306911   -0.158909321762   1.04627439583    2.59289306911   -0.158909321762
1.27249884095    3.00806664521   2.15442535782   1.27249884095    3.00806664521   2.15442535782
0.0354800148446    1.80624625061   -0.970757044903   -0.0235072464428    2.02987075416   -1.18292846583
0.604869664906    -0.265260524778   -1.27487548889   0.288699031337    0.123416788133   -1.12954856559
1.4685828385    1.07835704577   2.90752347905   1.4685828385    1.07835704577   2.90752347905
-0.400321880511    0.597096564858   -5.12115006223   -0.400321880511    0.597096564858   -5.12115006223
0.218753991059    0.109370377504   -1.27224197553   0.0437948048611    -0.50607528639   -1.23236281627
-5.08522225159    -2.33461372572   -1.54025563054   -5.08522225159    -2.33461372572   -1.54025563054
3.30680087932    0.700888627113   -2.13772653359   3.23994683599    0.802761505322   -2.23347849805
1.46924542822    -1.75649728231   1.42553449351   1.46924542822    -1.75649728231   1.42553449351
-1.31415513724    -0.993957480455   2.38831983067   -1.58514193116    -0.419935235045   2.29907901591
-0.762949174262    -2.81529871296   2.89729912947   -0.762949174262    -2.81529871296   2.89729912947
-2.99971232367    0.851274595533   -3.99399074333   -2.99971232367    0.851274595533   -3.99399074333
1.58370163815    0.629164485537   -0.997160845086   0.872040544972    0.385504347725   -1.55928800842
0.140216373221    0.709848251451   0.673768506156   0.749098624353    0.691243643009   0.302928766318
-0.375740386024    -1.53976988352   3.36508593311   -0.447745080153    -1.37073197714   3.3483710853
3.22579275124    0.539758096438   0.851993137907   3.22579275124    0.539758096438   0.851993137907
-2.40566832718    1.53072853142   0.942868649159   -2.40566832718    1.53072853142   0.942868649159
1.72755915815    0.586598108978   1.22976793476   1.80999398149    0.658333202995   1.2706585092
-2.9078171559    -0.202346760892   0.162531736661   -2.9078171559    -0.202346760892   0.162531736661
1.88028507586    0.699858062557   1.53440815756   1.88028507586    0.699858062557   1.53440815756
